初始点					 极小点				  目标函数值		 迭代次数	 运行时间
[-2.753093, -5.778531]	[1.000000, 1.000000]	0.000000		45			0.041740
[-3.280834, -3.126815]	[1.000000, 1.000000]	0.000000		87			0.029131
[-1.389566, -2.933386]	[1.000000, 1.000000]	0.000000		43			0.024519
[-3.744361, -4.074813]	[1.000000, 1.000000]	0.000000		30			0.025501
[-2.373091, -2.204620]	[1.000000, 1.000000]	0.000000		21			0.024631
[-5.927892, -0.226433]	[1.000000, 1.000000]	0.000000		46			0.023169
[-5.311008, -5.479721]	[1.000000, 1.000000]	0.000000		53			0.025421
[-4.777103, -0.592274]	[1.000000, 1.000000]	0.000000		29			0.023092
[-1.571227, -2.012141]	[1.000000, 1.000000]	0.000000		37			0.025384
[-4.078368, -0.819319]	[1.000000, 1.000000]	0.000000		27			0.023462
